2000001
2000002
2000003
2000004
2000005
2000006
2000007
2000008
2000009
2000010
2000011
2000012
2000013
2000014
2000015
2000016
2000017
2000018
2000019
2000020
2000021
2000022
2000023
2000024
2000025
2000026
2000027
2000028
2000029
2000030
2000031
2000032
2000033
2000034
2000035
2000036
2000037
2000038
2000039
2000040
2000041
2000042
2000043
2000044
2000045
2000046
2000047
2000048
2000049
2000050
2000051
2000052
2000053
2000054
2000055
2000056
2000057
2000058
2000059
2000060
2000061
2000062
2000063
2000064
2000065
2000066
2000067
2000068
2000069
2000070
2000071
2000072
2000073
2000074
2000075
2000076
2000077
2000078
2000079
2000080
2000081
2000082
2000083
2000084
2000085
2000086
2000087
2000088
2000089
2000090
2000091
2000092
2000093
2000094
2000095
2000096
2000097
2000098
2000099
2000100
2000101
2000102
2000103
2000104
2000105
2000106
2000107
2000108
2000109
2000110
2000111
2000112
2000113
2000114
2000115
2000116
2000117
2000118
2000119
2000120
2000121
2000122
2000123
2000124
2000125
2000126
2000127
2000128
2000129
2000130
2000131
2000132
2000133
2000134
2000135
2000136
2000137
2000138
2000139
2000140
2000141
2000142
2000143
2000144
2000145
2000146
2000147
2000148
2000149
2000150
2000151
2000152
2000153
2000154
2000155
2000156
2000157
2000158
2000159
2000160
2000161
2000162
2000163
2000164
2000165
2000166
2000167
2000168
2000169
2000170
2000171
2000172
2000173
2000174
2000175
2000176
2000177
2000178
2000179
2000180
2000181
2000182
2000183
2000184
2000185
2000186
2000187
2000188
2000189
2000190
2000191
2000192
2000193
2000194
2000195
2000196
2000197
2000198
2000199
2000200
2000201
2000202
2000203
2000204
2000205
2000206
2000207
2000208
2000209
2000210
2000211
2000212
2000213
2000214
2000215
2000216
2000217
2000218
2000219
2000220
2000221
2000222
2000223
2000224
2000225
2000226
2000227
2000228
2000229
2000230
2000231
2000232
2000233
2000234
2000235
2000236
2000237
2000238
2000239
2000240
2000241
2000242
2000243
2000244
2000245
2000246
2000247
2000248
2000249
2000250
2000251
2000252
2000253
2000254
2000255
2000256
2000257
2000258
2000259
2000260
2000261
2000262
2000263
2000264
2000265
2000266
2000267
2000268
2000269
2000270
2000271
2000272
2000273
2000274
2000275
2000276
2000277
2000278
2000279
2000280
2000281
2000282
2000283
2000284
2000285
2000286
2000287
2000288
2000289
2000290
2000291
2000292
2000293
2000294
2000295
2000296
2000297
2000298
2000299
2000300
2000301
2000302
2000303
2000304
2000305
2000306
2000307
2000308
2000309
2000310
2000311
2000312
2000313
2000314
2000315
2000316
2000317
2000318
2000319
2000320
2000321
2000322
2000323
2000324
2000325
2000326
2000327
2000328
2000329
2000330
2000331
2000332
2000333
2000334
2000335
2000336
2000337
2000338
2000339
2000340
2000341
2000342
2000343
2000344
2000345
2000346
2000347
2000348
2000349
2000350
2000351
2000352
2000353
2000354
2000355
2000356
2000357
2000358
2000359
2000360
2000361
2000362
2000363
2000364
2000365
2000366
2000367
2000368
2000369
2000370
2000371
2000372
2000373
2000374
2000375
2000376
2000377
2000378
2000379
2000380
2000381
2000382
2000383
2000384
2000385
2000386
2000387
2000388
2000389
2000390
2000391
2000392
2000393
2000394
2000395
2000396
2000397
2000398
2000399
2000400
2000401
2000402
2000403
2000404
2000405
2000406
2000407
2000408
2000409
2000410
2000411
2000412
2000413
2000414
2000415
2000416
2000417
2000418
2000419
2000420
2000421
2000422
2000423
2000424
2000425
2000426
2000427
2000428
2000429
2000430
2000431
2000432
2000433
2000434
2000435
2000436
2000437
2000438
2000439
2000440
2000441
2000442
2000443
2000444
2000445
2000446
2000447
2000448
2000449
2000450
2000451
2000452
2000453
2000454
2000455
2000456
2000457
2000458
2000459
2000460
2000461
2000462
2000463
2000464
2000465
2000466
2000467
2000468
2000469
2000470
2000471
2000472
2000473
2000474
2000475
2000476
2000477
2000478
2000479
2000480
2000481
2000482
2000483
2000484
2000485
2000486
2000487
2000488
2000489
2000490
2000491
2000492
2000493
2000494
2000495
2000496
2000497
2000498
2000499
2000500
2000501
2000502
2000503
2000504
2000505
2000506
2000507
2000508
2000509
2000510
2000511
2000512
2000513
2000514
2000515
2000516
2000517
2000518
2000519
2000520
2000521
2000522
2000523
2000524
2000525
2000526
2000527
2000528
2000529
2000530
2000531
2000532
2000533
2000534
2000535
2000536
2000537
2000538
2000539
2000540
2000541
2000542
2000543
2000544
2000545
2000546
2000547
2000548
2000549
2000550
2000551
2000552
2000553
2000554
2000555
2000556
2000557
2000558
2000559
2000560
2000561
2000562
2000563
2000564
2000565
2000566
2000567
2000568
2000569
2000570
2000571
2000572
2000573
2000574
2000575
2000576
2000577
2000578
2000579
2000580
2000581
2000582
2000583
2000584
2000585
2000586
2000587
2000588
2000589
2000590
2000591
2000592
2000593
2000594
2000595
2000596
2000597
2000598
2000599
2000600
2000601
2000602
2000603
2000604
2000605
2000606
2000607
2000608
2000609
2000610
2000611
2000612
2000613
2000614
2000615
2000616
2000617
2000618
2000619
2000620
2000621
2000622
2000623
2000624
2000625
2000626
2000627
2000628
2000629
2000630
2000631
2000632
2000633
2000634
2000635
2000636
2000637
2000638
2000639
2000640
2000641
2000642
2000643
2000644
2000645
2000646
2000647
2000648
2000649
2000650
2000651
2000652
2000653
2000654
2000655
2000656
2000657
2000658
2000659
2000660
2000661
2000662
2000663
2000664
2000665
2000666
2000667
2000668
2000669
2000670
2000671
2000672
2000673
2000674
2000675
2000676
2000677
2000678
2000679
2000680
2000681
2000682
2000683
2000684
2000685
2000686
2000687
2000688
2000689
2000690
2000691
2000692
2000693
2000694
2000695
2000696
2000697
2000698
2000699
2000700
2000701
2000702
2000703
2000704
2000705
2000706
2000707
2000708
2000709
2000710
2000711
2000712
2000713
2000714
2000715
2000716
2000717
2000718
2000719
2000720
2000721
2000722
2000723
2000724
2000725
2000726
2000727
2000728
2000729
2000730
2000731
2000732
2000733
2000734
2000735
2000736
2000737
2000738
2000739
2000740
2000741
2000742
2000743
2000744
2000745
2000746
2000747
2000748
2000749
2000750
2000751
2000752
2000753
2000754
2000755
2000756
2000757
2000758
2000759
2000760
2000761
2000762
2000763
2000764
2000765
2000766
2000767
2000768
2000769
2000770
2000771
2000772
2000773
2000774
2000775
2000776
2000777
2000778
2000779
2000780
2000781
2000782
2000783
2000784
2000785
2000786
2000787
2000788
2000789
2000790
2000791
2000792
2000793
2000794
2000795
2000796
2000797
2000798
2000799
2000800
2000801
2000802
2000803
2000804
2000805
2000806
2000807
2000808
2000809
2000810
2000811
2000812
2000813
2000814
2000815
2000816
2000817
2000818
2000819
2000820
2000821
2000822
2000823
2000824
2000825
2000826
2000827
2000828
2000829
2000830
2000831
2000832
2000833
2000834
2000835
2000836
2000837
2000838
2000839
2000840
2000841
2000842
2000843
2000844
2000845
2000846
2000847
2000848
2000849
2000850
2000851
2000852
2000853
2000854
2000855
2000856
2000857
2000858
2000859
2000860
2000861
2000862
2000863
2000864
2000865
2000866
2000867
2000868
2000869
2000870
2000871
2000872
2000873
2000874
2000875
2000876
2000877
2000878
2000879
2000880
2000881
2000882
2000883
2000884
2000885
2000886
2000887
2000888
2000889
2000890
2000891
2000892
2000893
2000894
2000895
2000896
2000897
2000898
2000899
2000900
2000901
2000902
2000903
2000904
2000905
2000906
2000907
2000908
2000909
2000910
2000911
2000912
2000913
2000914
2000915
2000916
2000917
2000918
2000919
2000920
2000921
2000922
2000923
2000924
2000925
2000926
2000927
2000928
2000929
2000930
2000931
2000932
2000933
2000934
2000935
2000936
2000937
2000938
2000939
2000940
2000941
2000942
2000943
2000944
2000945
2000946
2000947
2000948
2000949
2000950
2000951
2000952
2000953
2000954
2000955
2000956
2000957
2000958
2000959
2000960
2000961
2000962
2000963
2000964
2000965
2000966
2000967
2000968
2000969
2000970
2000971
2000972
2000973
2000974
2000975
2000976
2000977
2000978
2000979
2000980
2000981
2000982
2000983
2000984
2000985
2000986
2000987
2000988
2000989
2000990
2000991
2000992
2000993
2000994
2000995
2000996
2000997
2000998
2000999
2001000
2001001
2001002
2001003
2001004
2001005
2001006
2001007
2001008
2001009
2001010
2001011
2001012
2001013
2001014
2001015
2001016
2001017
2001018
2001019
2001020
2001021
2001022
2001023
2001024
2001025
2001026
2001027
2001028
2001029
2001030
2001031
2001032
2001033
2001034
2001035
2001036
2001037
2001038
2001039
2001040
2001041
2001042
2001043
2001044
2001045
2001046
2001047
2001048
2001049
2001050
2001051
2001052
2001053
2001054
2001055
2001056
2001057
2001058
2001059
2001060
2001061
2001062
2001063
2001064
2001065
2001066
2001067
2001068
2001069
2001070
2001071
2001072
2001073
2001074
2001075
2001076
2001077
2001078
2001079
2001080
2001081
2001082
2001083
2001084
2001085
2001086
2001087
2001088
2001089
2001090
2001091
2001092
2001093
2001094
2001095
2001096
2001097
2001098
2001099
2001100
2001101
2001102
2001103
2001104
2001105
2001106
2001107
2001108
2001109
2001110
2001111
2001112
2001113
2001114
2001115
2001116
2001117
2001118
2001119
2001120
2001121
2001122
2001123
2001124
2001125
2001126
2001127
2001128
2001129
2001130
2001131
2001132
2001133
2001134
2001135
2001136
2001137
2001138
2001139
2001140
2001141
2001142
2001143
2001144
2001145
2001146
2001147
2001148
2001149
2001150
2001151
2001152
2001153
2001154
2001155
2001156
2001157
2001158
2001159
2001160
2001161
2001162
2001163
2001164
2001165
2001166
2001167
2001168
2001169
2001170
2001171
2001172
2001173
2001174
2001175
2001176
2001177
2001178
2001179
2001180
2001181
2001182
2001183
2001184
2001185
2001186
2001187
2001188
2001189
2001190
2001191
2001192
2001193
2001194
2001195
2001196
2001197
2001198
2001199
2001200
2001201
2001202
2001203
2001204
2001205
2001206
2001207
2001208
2001209
2001210
2001211
2001212
2001213
2001214
2001215
2001216
2001217
2001218
2001219
2001220
2001221
2001222
2001223
2001224
2001225
2001226
2001227
2001228
2001229
2001230
2001231
2001232
2001233
2001234
2001235
2001236
2001237
2001238
2001239
2001240
2001241
2001242
2001243
2001244
2001245
2001246
2001247
2001248
2001249
2001250
2001251
2001252
2001253
2001254
2001255
2001256
2001257
2001258
2001259
2001260
2001261
2001262
2001263
2001264
2001265
2001266
2001267
2001268
2001269
2001270
2001271
2001272
2001273
2001274
2001275
2001276
2001277
2001278
2001279
2001280
2001281
2001282
2001283
2001284
2001285
2001286
2001287
2001288
2001289
2001290
2001291
2001292
2001293
2001294
2001295
2001296
2001297
2001298
2001299
2001300
2001301
2001302
2001303
2001304
2001305
2001306
2001307
2001308
2001309
2001310
2001311
2001312
2001313
2001314
2001315
2001316
2001317
2001318
2001319
2001320
2001321
2001322
2001323
2001324
2001325
2001326
2001327
2001328
2001329
2001330
2001331
2001332
2001333
2001334
2001335
2001336
2001337
2001338
2001339
2001340
2001341
2001342
2001343
2001344
2001345
2001346
2001347
2001348
2001349
2001350
2001351
2001352
2001353
2001354
2001355
2001356
2001357
2001358
2001359
2001360
2001361
2001362
2001363
2001364
2001365
2001366
2001367
2001368
2001369
2001370
2001371
2001372
2001373
2001374
2001375
2001376
2001377
2001378
2001379
2001380
2001381
2001382
2001383
2001384
2001385
2001386
2001387
2001388
2001389
2001390
2001391
2001392
2001393
2001394
2001395
2001396
2001397
2001398
2001399
2001400
2001401
2001402
2001403
2001404
2001405
2001406
2001407
2001408
2001409
2001410
2001411
2001412
2001413
2001414
2001415
2001416
2001417
2001418
2001419
2001420
2001421
2001422
2001423
2001424
2001425
2001426
2001427
2001428
2001429
2001430
2001431
2001432
2001433
2001434
2001435
2001436
2001437
2001438
2001439
2001440
2001441
2001442
2001443
2001444
2001445
2001446
2001447
2001448
2001449
2001450
2001451
2001452
2001453
2001454
2001455
2001456
2001457
2001458
2001459
2001460
2001461
2001462
2001463
2001464
2001465
2001466
2001467
2001468
2001469
2001470
2001471
2001472
2001473
2001474
2001475
2001476
2001477
2001478
2001479
2001480
2001481
2001482
2001483
2001484
2001485
2001486
2001487
2001488
2001489
2001490
2001491
2001492
2001493
2001494
2001495
2001496
2001497
2001498
2001499
2001500
2001501
2001502
2001503
2001504
2001505
2001506
2001507
2001508
2001509
2001510
2001511
2001512
2001513
2001514
2001515
2001516
2001517
2001518
2001519
2001520
2001521
2001522
2001523
2001524
2001525
2001526
2001527
2001528
2001529
2001530
2001531
2001532
2001533
2001534
2001535
2001536
2001537
2001538
2001539
2001540
2001541
2001542
2001543
2001544
2001545
2001546
2001547
2001548
2001549
2001550
2001551
2001552
2001553
2001554
2001555
2001556
2001557
2001558
2001559
2001560
2001561
2001562
2001563
2001564
2001565
2001566
2001567
2001568
2001569
2001570
2001571
2001572
2001573
2001574
2001575
2001576
2001577
2001578
2001579
2001580
2001581
2001582
2001583
2001584
2001585
2001586
2001587
2001588
2001589
2001590
2001591
2001592
2001593
2001594
2001595
2001596
2001597
2001598
2001599
2001600
2001601
2001602
2001603
2001604
2001605
2001606
2001607
2001608
2001609
2001610
2001611
2001612
2001613
2001614
2001615
2001616
2001617
2001618
2001619
2001620
2001621
2001622
2001623
2001624
2001625
2001626
2001627
2001628
2001629
2001630
2001631
2001632
2001633
2001634
2001635
2001636
2001637
2001638
2001639
2001640
2001641
2001642
2001643
2001644
2001645
2001646
2001647
2001648
2001649
2001650
2001651
2001652
2001653
2001654
2001655
2001656
2001657
2001658
2001659
2001660
2001661
2001662
2001663
2001664
2001665
2001666
2001667
2001668
2001669
2001670
2001671
2001672
2001673
2001674
2001675
2001676
2001677
2001678
2001679
2001680
2001681
2001682
2001683
2001684
2001685
2001686
2001687
2001688
2001689
2001690
2001691
2001692
2001693
2001694
2001695
2001696
2001697
2001698
2001699
2001700
2001701
2001702
2001703
2001704
2001705
2001706
2001707
2001708
2001709
2001710
2001711
2001712
2001713
2001714
2001715
2001716
2001717
2001718
2001719
2001720
2001721
2001722
2001723
2001724
2001725
2001726
2001727
2001728
2001729
2001730
2001731
2001732
2001733
2001734
2001735
2001736
2001737
2001738
2001739
2001740
2001741
2001742
2001743
2001744
2001745
2001746
2001747
2001748
2001749
2001750
2001751
2001752
2001753
2001754
2001755
2001756
2001757
2001758
2001759
2001760
2001761
2001762
2001763
2001764
2001765
2001766
2001767
2001768
2001769
2001770
2001771
2001772
2001773
2001774
2001775
2001776
2001777
2001778
2001779
2001780
2001781
2001782
2001783
2001784
2001785
2001786
2001787
2001788
2001789
2001790
2001791
2001792
2001793
2001794
2001795
2001796
2001797
2001798
2001799
2001800
2001801
2001802
2001803
2001804
2001805
2001806
2001807
2001808
2001809
2001810
2001811
2001812
2001813
2001814
2001815
2001816
2001817
2001818
2001819
2001820
2001821
2001822
2001823
2001824
2001825
2001826
2001827
2001828
2001829
2001830
2001831
2001832
2001833
2001834
2001835
2001836
2001837
2001838
2001839
2001840
2001841
2001842
2001843
2001844
2001845
2001846
2001847
2001848
2001849
2001850
2001851
2001852
2001853
2001854
2001855
2001856
2001857
2001858
2001859
2001860
2001861
2001862
2001863
2001864
2001865
2001866
2001867
2001868
2001869
2001870
2001871
2001872
2001873
2001874
2001875
2001876
2001877
2001878
2001879
2001880
2001881
2001882
2001883
2001884
2001885
2001886
2001887
2001888
2001889
2001890
2001891
2001892
2001893
2001894
2001895
2001896
2001897
2001898
2001899
2001900
2001901
2001902
2001903
2001904
2001905
2001906
2001907
2001908
2001909
2001910
2001911
2001912
2001913
2001914
2001915
2001916
2001917
2001918
2001919
2001920
2001921
2001922
2001923
2001924
2001925
2001926
2001927
2001928
2001929
2001930
2001931
2001932
2001933
2001934
2001935
2001936
2001937
2001938
2001939
2001940
2001941
2001942
2001943
2001944
2001945
2001946
2001947
2001948
2001949
2001950
2001951
2001952
2001953
2001954
2001955
2001956
2001957
2001958
2001959
2001960
2001961
2001962
2001963
2001964
2001965
2001966
2001967
2001968
2001969
2001970
2001971
2001972
2001973
2001974
2001975
2001976
2001977
2001978
2001979
2001980
2001981
2001982
2001983
2001984
2001985
2001986
2001987
2001988
2001989
2001990
2001991
2001992
2001993
2001994
2001995
2001996
2001997
2001998
2001999
2002000
2002001
2002002
2002003
2002004
2002005
2002006
2002007
2002008
2002009
2002010
2002011
2002012
2002013
2002014
2002015
2002016
2002017
2002018
2002019
2002020
2002021
2002022
2002023
2002024
2002025
2002026
2002027
2002028
2002029
2002030
2002031
2002032
2002033
2002034
2002035
2002036
2002037
2002038
2002039
2002040
2002041
2002042
2002043
2002044
2002045
2002046
2002047
2002048
2002049
2002050
2002051
2002052
2002053
2002054
2002055
2002056
2002057
2002058
2002059
2002060
2002061
2002062
2002063
2002064
2002065
2002066
2002067
2002068
2002069
2002070
2002071
2002072
2002073
2002074
2002075
2002076
2002077
2002078
2002079
2002080
2002081
2002082
2002083
2002084
2002085
2002086
2002087
2002088
2002089
2002090
2002091
2002092
2002093
2002094
2002095
2002096
2002097
2002098
2002099
2002100
2002101
2002102
2002103
2002104
2002105
2002106
2002107
2002108
2002109
2002110
2002111
2002112
2002113
2002114
2002115
2002116
2002117
2002118
2002119
2002120
2002121
2002122
2002123
2002124
2002125
2002126
2002127
2002128
2002129
2002130
2002131
2002132
2002133
2002134
2002135
2002136
2002137
2002138
2002139
2002140
2002141
2002142
2002143
2002144
2002145
2002146
2002147
2002148
2002149
2002150
2002151
2002152
2002153
2002154
2002155
2002156
2002157
2002158
2002159
2002160
2002161
2002162
2002163
2002164
2002165
2002166
2002167
2002168
2002169
2002170
2002171
2002172
2002173
2002174
2002175
2002176
2002177
2002178
2002179
2002180
2002181
2002182
2002183
2002184
2002185
2002186
2002187
2002188
2002189
2002190
2002191
2002192
2002193
2002194
2002195
2002196
2002197
2002198
2002199
2002200
2002201
2002202
2002203
2002204
2002205
2002206
2002207
2002208
2002209
2002210
2002211
2002212
2002213
2002214
2002215
2002216
2002217
2002218
2002219
2002220
2002221
2002222
2002223
2002224
2002225
2002226
2002227
2002228
2002229
2002230
2002231
2002232
2002233
2002234
2002235
2002236
2002237
2002238
2002239
2002240
2002241
2002242
2002243
2002244
2002245
2002246
2002247
2002248
2002249
2002250
2002251
2002252
2002253
2002254
2002255
2002256
2002257
2002258
2002259
2002260
2002261
2002262
2002263
2002264
2002265
2002266
2002267
2002268
2002269
2002270
2002271
2002272
2002273
2002274
2002275
2002276
2002277
2002278
2002279
2002280
2002281
2002282
2002283
2002284
2002285
2002286
2002287
2002288
2002289
2002290
2002291
2002292
2002293
2002294
2002295
2002296
2002297
2002298
2002299
2002300
2002301
2002302
2002303
2002304
2002305
2002306
2002307
2002308
2002309
2002310
2002311
2002312
2002313
2002314
2002315
2002316
2002317
2002318
2002319
2002320
2002321
2002322
2002323
2002324
2002325
2002326
2002327
2002328
2002329
2002330
2002331
2002332
2002333
2002334
2002335
2002336
2002337
2002338
2002339
2002340
2002341
2002342
2002343
2002344
2002345
2002346
2002347
2002348
2002349
2002350
2002351
2002352
2002353
2002354
2002355
2002356
2002357
2002358
2002359
2002360
2002361
2002362
2002363
2002364
2002365
2002366
2002367
2002368
2002369
2002370
2002371
2002372
2002373
2002374
2002375
2002376
2002377
2002378
2002379
2002380
2002381
2002382
2002383
2002384
2002385
2002386
2002387
2002388
2002389
2002390
2002391
2002392
2002393
2002394
2002395
2002396
2002397
2002398
2002399
2002400
2002401
2002402
2002403
2002404
2002405
2002406
2002407
2002408
2002409
2002410
2002411
2002412
2002413
2002414
2002415
2002416
2002417
2002418
2002419
2002420
2002421
2002422
2002423
2002424
2002425
2002426
2002427
2002428
2002429
2002430
2002431
2002432
2002433
2002434
2002435
2002436
2002437
2002438
2002439
2002440
2002441
2002442
2002443
2002444
2002445
2002446
2002447
2002448
2002449
2002450
2002451
2002452
2002453
2002454
2002455
2002456
2002457
2002458
2002459
2002460
2002461
2002462
2002463
2002464
2002465
2002466
2002467
2002468
2002469
2002470
2002471
2002472
2002473
2002474
2002475
2002476
2002477
2002478
2002479
2002480
2002481
2002482
2002483
2002484
2002485
2002486
2002487
2002488
2002489
2002490
2002491
2002492
2002493
2002494
2002495
2002496
2002497
2002498
2002499
2002500
2002501
2002502
2002503
2002504
2002505
2002506
2002507
2002508
2002509
2002510
2002511
2002512
2002513
2002514
2002515
2002516
2002517
2002518
2002519
2002520
2002521
2002522
2002523
2002524
2002525
2002526
2002527
2002528
2002529
2002530
2002531
2002532
2002533
2002534
2002535
2002536
2002537
2002538
2002539
2002540
2002541
2002542
2002543
2002544
2002545
2002546
2002547
2002548
2002549
2002550
2002551
2002552
2002553
2002554
2002555
2002556
2002557
2002558
2002559
2002560
2002561
2002562
2002563
2002564
2002565
2002566
2002567
2002568
2002569
2002570
2002571
2002572
2002573
2002574
2002575
2002576
2002577
2002578
2002579
2002580
2002581
2002582
2002583
2002584
2002585
2002586
2002587
2002588
2002589
2002590
2002591
2002592
2002593
2002594
2002595
2002596
2002597
2002598
2002599
2002600
2002601
2002602
2002603
2002604
2002605
2002606
2002607
2002608
2002609
2002610
2002611
2002612
2002613
2002614
2002615
2002616
2002617
2002618
2002619
2002620
2002621
2002622
2002623
2002624
2002625
2002626
2002627
2002628
2002629
2002630
2002631
2002632
2002633
2002634
2002635
2002636
2002637
2002638
2002639
2002640
2002641
2002642
2002643
2002644
2002645
2002646
2002647
2002648
2002649
2002650
2002651
2002652
2002653
2002654
2002655
2002656
2002657
2002658
2002659
2002660
2002661
2002662
2002663
2002664
2002665
2002666
2002667
2002668
2002669
2002670
2002671
2002672
2002673
2002674
2002675
2002676
2002677
2002678
2002679
2002680
2002681
2002682
2002683
2002684
2002685
2002686
2002687
2002688
2002689
2002690
2002691
2002692
2002693
2002694
2002695
2002696
2002697
2002698
2002699
2002700
2002701
2002702
2002703
2002704
2002705
2002706
2002707
2002708
2002709
2002710
2002711
2002712
2002713
2002714
2002715
2002716
2002717
2002718
2002719
2002720
2002721
2002722
2002723
2002724
2002725
2002726
2002727
2002728
2002729
2002730
2002731
2002732
2002733
2002734
2002735
2002736
2002737
2002738
2002739
2002740
2002741
2002742
2002743
2002744
2002745
2002746
2002747
2002748
2002749
2002750
2002751
2002752
2002753
2002754
2002755
2002756
2002757
2002758
2002759
2002760
2002761
2002762
2002763
2002764
2002765
2002766
2002767
2002768
2002769
2002770
2002771
2002772
2002773
2002774
2002775
2002776
2002777
2002778
2002779
2002780
2002781
2002782
2002783
2002784
2002785
2002786
2002787
2002788
2002789
2002790
2002791
2002792
2002793
2002794
2002795
2002796
2002797
2002798
2002799
2002800
2002801
2002802
2002803
2002804
2002805
2002806
2002807
2002808
2002809
2002810
2002811
2002812
2002813
2002814
2002815
2002816
2002817
2002818
2002819
2002820
2002821
2002822
2002823
2002824
2002825
2002826
2002827
2002828
2002829
2002830
2002831
2002832
2002833
2002834
2002835
2002836
2002837
2002838
2002839
2002840
2002841
2002842
2002843
2002844
2002845
2002846
2002847
2002848
2002849
2002850
2002851
2002852
2002853
2002854
2002855
2002856
2002857
2002858
2002859
2002860
2002861
2002862
2002863
2002864
2002865
2002866
2002867
2002868
2002869
2002870
2002871
2002872
2002873
2002874
2002875
2002876
2002877
2002878
2002879
2002880
2002881
2002882
2002883
2002884
2002885
2002886
2002887
2002888
2002889
2002890
2002891
2002892
2002893
2002894
2002895
2002896
2002897
2002898
2002899
2002900
2002901
2002902
2002903
2002904
2002905
2002906
2002907
2002908
2002909
2002910
2002911
2002912
2002913
2002914
2002915
2002916
2002917
2002918
2002919
2002920
2002921
2002922
2002923
2002924
2002925
2002926
2002927
2002928
2002929
2002930
2002931
2002932
2002933
2002934
2002935
2002936
2002937
2002938
2002939
2002940
2002941
2002942
2002943
2002944
2002945
2002946
2002947
2002948
2002949
2002950
2002951
2002952
2002953
2002954
2002955
2002956
2002957
2002958
2002959
2002960
2002961
2002962
2002963
2002964
2002965
2002966
2002967
2002968
2002969
2002970
2002971
2002972
2002973
2002974
2002975
2002976
2002977
2002978
2002979
2002980
2002981
2002982
2002983
2002984
2002985
2002986
2002987
2002988
2002989
2002990
2002991
2002992
2002993
2002994
2002995
2002996
2002997
2002998
2002999
2003000
2003001
2003002
2003003
2003004
2003005
2003006
2003007
2003008
2003009
2003010
2003011
2003012
2003013
2003014
2003015
2003016
2003017
2003018
2003019
2003020
2003021
2003022
2003023
2003024
2003025
2003026
2003027
2003028
2003029
2003030
2003031
2003032
2003033
2003034
2003035
2003036
2003037
2003038
2003039
2003040
2003041
2003042
2003043
2003044
2003045
2003046
2003047
2003048
2003049
2003050
2003051
2003052
2003053
2003054
2003055
2003056
2003057
2003058
2003059
2003060
2003061
2003062
2003063
2003064
2003065
2003066
2003067
2003068
2003069
2003070
2003071
2003072
2003073
2003074
2003075
2003076
2003077
2003078
2003079
2003080
2003081
2003082
2003083
2003084
2003085
2003086
2003087
2003088
2003089
2003090
2003091
2003092
2003093
2003094
2003095
2003096
2003097
2003098
2003099
2003100
2003101
2003102
2003103
2003104
2003105
2003106
2003107
2003108
2003109
2003110
2003111
2003112
2003113
2003114
2003115
2003116
2003117
2003118
2003119
2003120
2003121
2003122
2003123
2003124
2003125
2003126
2003127
2003128
2003129
2003130
2003131
2003132
2003133
2003134
2003135
2003136
2003137
2003138
2003139
2003140
2003141
2003142
2003143
2003144
2003145
2003146
2003147
2003148
2003149
2003150
2003151
2003152
2003153
2003154
2003155
2003156
2003157
2003158
2003159
2003160
2003161
2003162
2003163
2003164
2003165
2003166
2003167
2003168
2003169
2003170
2003171
2003172
2003173
2003174
2003175
2003176
2003177
2003178
2003179
2003180
2003181
2003182
2003183
2003184
2003185
2003186
2003187
2003188
2003189
2003190
2003191
2003192
2003193
2003194
2003195
2003196
2003197
2003198
2003199
2003200
2003201
2003202
2003203
2003204
2003205
2003206
2003207
2003208
2003209
2003210
2003211
2003212
2003213
2003214
2003215
2003216
2003217
2003218
2003219
2003220
2003221
2003222
2003223
2003224
2003225
2003226
2003227
2003228
2003229
2003230
2003231
2003232
2003233
2003234
2003235
2003236
2003237
2003238
2003239
2003240
2003241
2003242
2003243
2003244
2003245
2003246
2003247
2003248
2003249
2003250
2003251
2003252
2003253
2003254
2003255
2003256
2003257
2003258
2003259
2003260
2003261
2003262
2003263
2003264
2003265
2003266
2003267
2003268
2003269
2003270
2003271
2003272
2003273
2003274
2003275
2003276
2003277
2003278
2003279
2003280
2003281
2003282
2003283
2003284
2003285
2003286
2003287
2003288
2003289
2003290
2003291
2003292
2003293
2003294
2003295
2003296
2003297
2003298
2003299
2003300
2003301
2003302
2003303
2003304
2003305
2003306
2003307
2003308
2003309
2003310
2003311
2003312
2003313
2003314
2003315
2003316
2003317
2003318
2003319
2003320
2003321
2003322
2003323
2003324
2003325
2003326
2003327
2003328
2003329
2003330
2003331
2003332
2003333
2003334
2003335
2003336
2003337
2003338
2003339
2003340
2003341
2003342
2003343
2003344
2003345
2003346
2003347
2003348
2003349
2003350
2003351
2003352
2003353
2003354
2003355
2003356
2003357
2003358
2003359
2003360
2003361
2003362
2003363
2003364
2003365
2003366
2003367
2003368
2003369
2003370
2003371
2003372
2003373
2003374
2003375
2003376
2003377
2003378
2003379
2003380
2003381
2003382
2003383
2003384
2003385
2003386
2003387
2003388
2003389
2003390
2003391
2003392
2003393
2003394
2003395
2003396
2003397
2003398
2003399
2003400
2003401
2003402
2003403
2003404
2003405
2003406
2003407
2003408
2003409
2003410
2003411
2003412
2003413
2003414
2003415
2003416
2003417
2003418
2003419
2003420
2003421
2003422
2003423
2003424
2003425
2003426
2003427
2003428
2003429
2003430
2003431
2003432
2003433
2003434
2003435
2003436
2003437
2003438
2003439
2003440
2003441
2003442
2003443
2003444
2003445
2003446
2003447
2003448
2003449
2003450
2003451
2003452
2003453
2003454
2003455
2003456
2003457
2003458
2003459
2003460
2003461
2003462
2003463
2003464
2003465
2003466
2003467
2003468
2003469
2003470
2003471
2003472
2003473
2003474
2003475
2003476
2003477
2003478
2003479
2003480
